Q Matrisi: 
0	0	0	0	0	0	0,77	0	0	0	0	0	0	0	0	0	0	0	0	0	0	0	0	0	0	0	0	0	0	0	0	0	0	0	0	0	 
 
0	0	1,51	0	0	0	0	0	0	0	0	0	0	0	0	0	0	0	0	0	0	0	0	0	0	0	0	0	0	0	0	0	0	0	0	0	 
 
0	1,21	0	1,89	0	0	0	0	1,21	0	0	0	0	0	0	0	0	0	0	0	0	0	0	0	0	0	0	0	0	0	0	0	0	0	0	0	 
 
0	0	1,51	0	0	0	0	0	0	2,36	0	0	0	0	0	0	0	0	0	0	0	0	0	0	0	0	0	0	0	0	0	0	0	0	0	0	 
 
0	0	0	0	0	7,21	0	0	0	0	4,61	0	0	0	0	0	0	0	0	0	0	0	0	0	0	0	0	0	0	0	0	0	0	0	0	0	 
 
0	0	0	0	5,76	0	0	0	0	0	0	9,01	0	0	0	0	0	0	0	0	0	0	0	0	0	0	0	0	0	0	0	0	0	0	0	0	 
 
0,62	0	0	0	0	0	0	0,97	0	0	0	0	0,62	0	0	0	0	0	0	0	0	0	0	0	0	0	0	0	0	0	0	0	0	0	0	0	 
 
0	0	0	0	0	0	0,77	0	1,21	0	0	0	0	0	0	0	0	0	0	0	0	0	0	0	0	0	0	0	0	0	0	0	0	0	0	0	 
 
0	0	1,51	0	0	0	0	0,97	0	0	0	0	0	0	0,97	0	0	0	0	0	0	0	0	0	0	0	0	0	0	0	0	0	0	0	0	0	 
 
0	0	0	1,89	0	0	0	0	0	0	0	0	0	0	0	2,95	0	0	0	0	0	0	0	0	0	0	0	0	0	0	0	0	0	0	0	0	 
 
0	0	0	0	5,76	0	0	0	0	0	0	0	0	0	0	0	3,69	0	0	0	0	0	0	0	0	0	0	0	0	0	0	0	0	0	0	0	 
 
0	0	0	0	0	7,21	0	0	0	0	0	0	0	0	0	0	0	11,26	0	0	0	0	0	0	0	0	0	0	0	0	0	0	0	0	0	0	 
 
0	0	0	0	0	0	0,77	0	0	0	0	0	0	0	0	0	0	0	0	0	0	0	0	0	0	0	0	0	0	0	0	0	0	0	0	0	 
 
0	0	0	0	0	0	0	0	0	0	0	0	0	0	0	0	0	0	0	53,68	0	0	0	0	0	0	0	0	0	0	0	0	0	0	0	0	 
 
0	0	0	0	0	0	0	0	1,21	0	0	0	0	0	0	0	0	0	0	0	0	0	0	0	0	0	0	0	0	0	0	0	0	0	0	0	 
 
0	0	0	0	0	0	0	0	0	2,36	0	0	0	0	0	0	3,69	0	0	0	0	0	0	0	0	0	0	0	0	0	0	0	0	0	0	0	 
 
0	0	0	0	0	0	0	0	0	0	4,61	0	0	0	0	2,95	0	0	0	0	0	0	0	0	0	0	0	0	0	0	0	0	0	0	0	0	 
 
0	0	0	0	0	0	0	0	0	0	0	9,01	0	0	0	0	0	0	0	0	0	0	0	14,07	0	0	0	0	0	0	0	0	0	0	0	0	 
 
0	0	0	0	0	0	0	0	0	0	0	0	0	0	0	0	0	0	0	53,68	0	0	0	0	83,88	0	0	0	0	0	0	0	0	0	0	0	 
 
0	0	0	0	0	0	0	0	0	0	0	0	0	42,95	0	0	0	0	67,1	0	42,95	0	0	0	0	0	0	0	0	0	0	0	0	0	0	0	 
 
0	0	0	0	0	0	0	0	0	0	0	0	0	0	0	0	0	0	0	53,68	0	0	0	0	0	0	34,36	0	0	0	0	0	0	0	0	0	 
 
0	0	0	0	0	0	0	0	0	0	0	0	0	0	0	0	0	0	0	0	0	0	17,59	0	0	0	0	27,49	0	0	0	0	0	0	0	0	 
 
0	0	0	0	0	0	0	0	0	0	0	0	0	0	0	0	0	0	0	0	0	21,99	0	14,07	0	0	0	0	0	0	0	0	0	0	0	0	 
 
0	0	0	0	0	0	0	0	0	0	0	0	0	0	0	0	0	11,26	0	0	0	0	17,59	0	0	0	0	0	0	0	0	0	0	0	0	0	 
 
0	0	0	0	0	0	0	0	0	0	0	0	0	0	0	0	0	0	67,1	0	0	0	0	0	0	104,85	0	0	0	0	67,1	0	0	0	0	0	 
 
0	0	0	0	0	0	0	0	0	0	0	0	0	0	0	0	0	0	0	0	0	0	0	0	83,88	0	0	0	0	0	0	131,06	0	0	0	0	 
 
0	0	0	0	0	0	0	0	0	0	0	0	0	0	0	0	0	0	0	0	42,95	0	0	0	0	0	0	27,49	0	0	0	0	0	0	0	0	 
 
0	0	0	0	0	0	0	0	0	0	0	0	0	0	0	0	0	0	0	0	0	21,99	0	0	0	0	34,36	0	0	0	0	0	0	0	0	0	 
 
0	0	0	0	0	0	0	0	0	0	0	0	0	0	0	0	0	0	0	0	0	0	0	0	0	0	0	0	499,95	399,95	0	0	0	0	0	0	 
 
0	0	0	0	0	0	0	0	0	0	0	0	0	0	0	0	0	0	0	0	0	0	0	0	0	0	0	0	499,96	0	0	0	0	0	0	319,97	 
 
0	0	0	0	0	0	0	0	0	0	0	0	0	0	0	0	0	0	0	0	0	0	0	0	83,88	0	0	0	0	0	0	0	0	0	0	0	 
 
0	0	0	0	0	0	0	0	0	0	0	0	0	0	0	0	0	0	0	0	0	0	0	0	0	104,85	0	0	0	0	0	0	163,83	0	0	0	 
 
0	0	0	0	0	0	0	0	0	0	0	0	0	0	0	0	0	0	0	0	0	0	0	0	0	0	0	0	0	0	0	131,06	0	204,78	0	0	 
 
0	0	0	0	0	0	0	0	0	0	0	0	0	0	0	0	0	0	0	0	0	0	0	0	0	0	0	0	0	0	0	0	163,83	0	255,98	0	 
 
0	0	0	0	0	0	0	0	0	0	0	0	0	0	0	0	0	0	0	0	0	0	0	0	0	0	0	0	0	0	0	0	0	204,78	0	319,97	 
 
0	0	0	0	0	0	0	0	0	0	0	0	0	0	0	0	0	0	0	0	0	0	0	0	0	0	0	0	0	399,97	0	0	0	0	255,98	0	 
 
